2130706432
2113929216
2097152000
2080374787
2080374786
2080374785
2080374784
2063597568
2046820352
2030043136
2013265923
2013265922
2013265921
2013265920
1996488704
1979711488
1962934272
1946157059
1946157058
1946157057
1946157056
1929379840
1912602624
1895825408
1879048207
1879048206
1879048205
1879048204
1879048203
1879048202
1879048201
1879048200
1879048199
1879048198
1879048197
1879048196
1879048195
1879048194
1879048193
1879048192
1862270976
1845493760
1828716544
1811939331
1811939330
1811939329
1811939328
1795162112
1778384896
1761607680
1744830467
1744830466
1744830465
1744830464
1728053248
1711276032
1694498816
1677721603
1677721602
1677721601
1677721600
1660944384
1644167168
1627389952
1610612751
1610612750
1610612749
1610612748
1610612747
1610612746
1610612745
1610612744
1610612743
1610612742
1610612741
1610612740
1610612739
1610612738
1610612737
1610612736
1593835520
1577058304
1560281088
1543503875
1543503874
1543503873
1543503872
1526726656
1509949440
1493172224
1476395011
1476395010
1476395009
1476395008
1459617792
1442840576
1426063360
1409286147
1409286146
1409286145
1409286144
1392508928
1375731712
1358954496
1342177295
1342177294
1342177293
1342177292
1342177291
1342177290
1342177289
1342177288
1342177287
1342177286
1342177285
1342177284
1342177283
1342177282
1342177281
1342177280
1325400064
1308622848
1291845632
1275068419
1275068418
1275068417
1275068416
1258291200
1241513984
1224736768
1207959555
1207959554
1207959553
1207959552
1191182336
1174405120
1157627904
1140850691
1140850690
1140850689
1140850688
1124073472
1107296256
1090519040
1073741887
1073741886
1073741885
1073741884
1073741883
1073741882
1073741881
1073741880
1073741879
1073741878
1073741877
1073741876
1073741875
1073741874
1073741873
1073741872
1073741871
1073741870
1073741869
1073741868
1073741867
1073741866
1073741865
1073741864
1073741863
1073741862
1073741861
1073741860
1073741859
1073741858
1073741857
1073741856
1073741855
1073741854
1073741853
1073741852
1073741851
1073741850
1073741849
1073741848
1073741847
1073741846
1073741845
1073741844
1073741843
1073741842
1073741841
1073741840
1073741839
1073741838
1073741837
1073741836
1073741835
1073741834
1073741833
1073741832
1073741831
1073741830
1073741829
1073741828
1073741827
1073741826
1073741825
1073741824
1069547520
1065353216
1061158912
1056964608
1052770304
1048576000
1044381696
1040187392
1035993088
1031798784
1027604480
1023410176
1019215872
1015021568
1010827264
1006632963
1006632962
1006632961
1006632960
1002438656
998244352
994050048
989855744
985661440
981467136
977272832
973078528
968884224
964689920
960495616
956301312
952107008
947912704
943718400
939524099
939524098
939524097
939524096
935329792
931135488
926941184
922746880
918552576
914358272
910163968
905969664
901775360
897581056
893386752
889192448
884998144
880803840
876609536
872415235
872415234
872415233
872415232
868220928
864026624
859832320
855638016
851443712
847249408
843055104
838860800
834666496
830472192
826277888
822083584
817889280
813694976
809500672
805306383
805306382
805306381
805306380
805306379
805306378
805306377
805306376
805306375
805306374
805306373
805306372
805306371
805306370
805306369
805306368
801112064
796917760
792723456
788529152
784334848
780140544
775946240
771751936
767557632
763363328
759169024
754974720
750780416
746586112
742391808
738197507
738197506
738197505
738197504
734003200
729808896
725614592
721420288
717225984
713031680
708837376
704643072
700448768
696254464
692060160
687865856
683671552
679477248
675282944
671088643
671088642
671088641
671088640
666894336
662700032
658505728
654311424
650117120
645922816
641728512
637534208
633339904
629145600
624951296
620756992
616562688
612368384
608174080
603979779
603979778
603979777
603979776
599785472
595591168
591396864
587202560
583008256
578813952
574619648
570425344
566231040
562036736
557842432
553648128
549453824
545259520
541065216
536870927
536870926
536870925
536870924
536870923
536870922
536870921
536870920
536870919
536870918
536870917
536870916
536870915
536870914
536870913
536870912
532676608
528482304
524288000
520093696
515899392
511705088
507510784
503316480
499122176
494927872
490733568
486539264
482344960
478150656
473956352
469762051
469762050
469762049
469762048
465567744
461373440
457179136
452984832
448790528
444596224
440401920
436207616
432013312
427819008
423624704
419430400
415236096
411041792
406847488
402653187
402653186
402653185
402653184
398458880
394264576
390070272
385875968
381681664
377487360
373293056
369098752
364904448
360710144
356515840
352321536
348127232
343932928
339738624
335544323
335544322
335544321
335544320
331350016
327155712
322961408
318767104
314572800
310378496
306184192
301989888
297795584
293601280
289406976
285212672
281018368
276824064
272629760
268435471
268435470
268435469
268435468
268435467
268435466
268435465
268435464
268435463
268435462
268435461
268435460
268435459
268435458
268435457
268435456
267386880
266338304
265289728
264241152
263192576
262144000
261095424
260046848
258998272
257949696
256901120
255852544
254803968
253755392
252706816
251658240
250609664
249561088
248512512
247463936
246415360
245366784
244318208
243269632
242221056
241172480
240123904
239075328
238026752
236978176
235929600
234881024
233832448
232783872
231735296
230686720
229638144
228589568
227540992
226492416
225443840
224395264
223346688
222298112
221249536
220200960
219152384
218103808
217055232
216006656
214958080
213909504
212860928
211812352
210763776
209715200
208666624
207618048
206569472
205520896
204472320
203423744
202375168
201326595
201326594
201326593
201326592
200278016
199229440
198180864
197132288
196083712
195035136
193986560
192937984
191889408
190840832
189792256
188743680
187695104
186646528
185597952
184549376
183500800
182452224
181403648
180355072
179306496
178257920
177209344
176160768
175112192
174063616
173015040
171966464
170917888
169869312
168820736
167772160
166723584
165675008
164626432
163577856
162529280
161480704
160432128
159383552
158334976
157286400
156237824
155189248
154140672
153092096
152043520
150994944
149946368
148897792
147849216
146800640
145752064
144703488
143654912
142606336
141557760
140509184
139460608
138412032
137363456
136314880
135266304
134217731
134217730
134217729
134217728
133169152
132120576
131072000
130023424
128974848
127926272
126877696
125829120
124780544
123731968
122683392
121634816
120586240
119537664
118489088
117440512
116391936
115343360
114294784
113246208
112197632
111149056
110100480
109051904
108003328
106954752
105906176
104857600
103809024
102760448
101711872
100663296
99614720
98566144
97517568
96468992
95420416
94371840
93323264
92274688
91226112
90177536
89128960
88080384
87031808
85983232
84934656
83886080
82837504
81788928
80740352
79691776
78643200
77594624
76546048
75497472
74448896
73400320
72351744
71303168
70254592
69206016
68157440
67108867
67108866
67108865
67108864
66846720
66584576
66322432
66060288
65798144
65536000
65273856
65011712
64749568
64487424
64225280
63963136
63700992
63438848
63176704
62914560
62652416
62390272
62128128
61865984
61603840
61341696
61079552
60817408
60555264
60293120
60030976
59768832
59506688
59244544
58982400
58720256
58458112
58195968
57933824
57671680
57409536
57147392
56885248
56623104
56360960
56098816
55836672
55574528
55312384
55050240
54788096
54525952
54263808
54001664
53739520
53477376
53215232
52953088
52690944
52428800
52166656
51904512
51642368
51380224
51118080
50855936
50593792
50331648
50069504
49807360
49545216
49283072
49020928
48758784
48496640
48234496
47972352
47710208
47448064
47185920
46923776
46661632
46399488
46137344
45875200
45613056
45350912
45088768
44826624
44564480
44302336
44040192
43778048
43515904
43253760
42991616
42729472
42467328
42205184
41943040
41680896
41418752
41156608
40894464
40632320
40370176
40108032
39845888
39583744
39321600
39059456
38797312
38535168
38273024
38010880
37748736
37486592
37224448
36962304
36700160
36438016
36175872
35913728
35651584
35389440
35127296
34865152
34603008
34340864
34078720
33816576
33554432
33292288
33030144
32768000
32505856
32243712
31981568
31719424
31457280
31195136
30932992
30670848
30408704
30146560
29884416
29622272
29360128
29097984
28835840
28573696
28311552
28049408
27787264
27525120
27262976
27000832
26738688
26476544
26214400
25952256
25690112
25427968
25165824
24903680
24641536
24379392
24117248
23855104
23592960
23330816
23068672
22806528
22544384
22282240
22020096
21757952
21495808
21233664
20971520
20709376
20447232
20185088
19922944
19660800
19398656
19136512
18874368
18612224
18350080
18087936
17825792
17563648
17301504
17039360
16777216
16711680
16646144
16580608
16515072
16449536
16384000
16318464
16252928
16187392
16121856
16056320
15990784
15925248
15859712
15794176
15728640
15663104
15597568
15532032
15466496
15400960
15335424
15269888
15204352
15138816
15073280
15007744
14942208
14876672
14811136
14745600
14680064
14614528
14548992
14483456
14417920
14352384
14286848
14221312
14155776
14090240
14024704
13959168
13893632
13828096
13762560
13697024
13631488
13565952
13500416
13434880
13369344
13303808
13238272
13172736
13107200
13041664
12976128
12910592
12845056
12779520
12713984
12648448
12582912
12517376
12451840
12386304
12320768
12255232
12189696
12124160
12058624
11993088
11927552
11862016
11796480
11730944
11665408
11599872
11534336
11468800
11403264
11337728
11272192
11206656
11141120
11075584
11010048
10944512
10878976
10813440
10747904
10682368
10616832
10551296
10485760
10420224
10354688
10289152
10223616
10158080
10092544
10027008
9961472
9895936
9830400
9764864
9699328
9633792
9568256
9502720
9437184
9371648
9306112
9240576
9175040
9109504
9043968
8978432
8912896
8847360
8781824
8716288
8650752
8585216
8519680
8454144
8388608
8323072
8257536
8192000
8126464
8060928
7995392
7929856
7864320
7798784
7733248
7667712
7602176
7536640
7471104
7405568
7340032
7274496
7208960
7143424
7077888
7012352
6946816
6881280
6815744
6750208
6684672
6619136
6553600
6488064
6422528
6356992
6291456
6225920
6160384
6094848
6029312
5963776
5898240
5832704
5767168
5701632
5636096
5570560
5505024
5439488
5373952
5308416
5242880
5177344
5111808
5046272
4980736
4915200
4849664
4784128
4718592
4653056
4587520
4521984
4456448
4390912
4325376
4259840
4194304
4177920
4161536
4145152
4128768
4112384
4096000
4079616
4063232
4046848
4030464
4014080
3997696
3981312
3964928
3948544
3932160
3915776
3899392
3883008
3866624
3850240
3833856
3817472
3801088
3784704
3768320
3751936
3735552
3719168
3702784
3686400
3670016
3653632
3637248
3620864
3604480
3588096
3571712
3555328
3538944
3522560
3506176
3489792
3473408
3457024
3440640
3424256
3407872
3391488
3375104
3358720
3342336
3325952
3309568
3293184
3276800
3260416
3244032
3227648
3211264
3194880
3178496
3162112
3145728
3129344
3112960
3096576
3080192
3063808
3047424
3031040
3014656
2998272
2981888
2965504
2949120
2932736
2916352
2899968
2883584
2867200
2850816
2834432
2818048
2801664
2785280
2768896
2752512
2736128
2719744
2703360
2686976
2670592
2654208
2637824
2621440
2605056
2588672
2572288
2555904
2539520
2523136
2506752
2490368
2473984
2457600
2441216
2424832
2408448
2392064
2375680
2359296
2342912
2326528
2310144
2293760
2277376
2260992
2244608
2228224
2211840
2195456
2179072
2162688
2146304
2129920
2113536
2097152
2080768
2064384
2048000
2031616
2015232
1998848
1982464
1966080
1949696
1933312
1916928
1900544
1884160
1867776
1851392
1835008
1818624
1802240
1785856
1769472
1753088
1736704
1720320
1703936
1687552
1671168
1654784
1638400
1622016
1605632
1589248
1572864
1556480
1540096
1523712
1507328
1490944
1474560
1458176
1441792
1425408
1409024
1392640
1376256
1359872
1343488
1327104
1310720
1294336
1277952
1261568
1245184
1228800
1212416
1196032
1179648
1163264
1146880
1130496
1114112
1097728
1081344
1064960
1048576
1044480
1040384
1036288
1032192
1028096
1024000
1019904
1015808
1011712
1007616
1003520
999424
995328
991232
987136
983040
978944
974848
970752
966656
962560
958464
954368
950272
946176
942080
937984
933888
929792
925696
921600
917504
913408
909312
905216
901120
897024
892928
888832
884736
880640
876544
872448
868352
864256
860160
856064
851968
847872
843776
839680
835584
831488
827392
823296
819200
815104
811008
806912
802816
798720
794624
790528
786432
782336
778240
774144
770048
765952
761856
757760
753664
749568
745472
741376
737280
733184
729088
724992
720896
716800
712704
708608
704512
700416
696320
692224
688128
684032
679936
675840
671744
667648
663552
659456
655360
651264
647168
643072
638976
634880
630784
626688
622592
618496
614400
610304
606208
602112
598016
593920
589824
585728
581632
577536
573440
569344
565248
561152
557056
552960
548864
544768
540672
536576
532480
528384
524288
520192
516096
512000
507904
503808
499712
495616
491520
487424
483328
479232
475136
471040
466944
462848
458752
454656
450560
446464
442368
438272
434176
430080
425984
421888
417792
413696
409600
405504
401408
397312
393216
389120
385024
380928
376832
372736
368640
364544
360448
356352
352256
348160
344064
339968
335872
331776
327680
323584
319488
315392
311296
307200
303104
299008
294912
290816
286720
282624
278528
274432
270336
266240
262144
261120
260096
259072
258048
257024
256000
254976
253952
252928
251904
250880
249856
248832
247808
246784
245760
244736
243712
242688
241664
240640
239616
238592
237568
236544
235520
234496
233472
232448
231424
230400
229376
228352
227328
226304
225280
224256
223232
222208
221184
220160
219136
218112
217088
216064
215040
214016
212992
211968
210944
209920
208896
207872
206848
205824
204800
203776
202752
201728
200704
199680
198656
197632
196608
195584
194560
193536
192512
191488
190464
189440
188416
187392
186368
185344
184320
183296
182272
181248
180224
179200
178176
177152
176128
175104
174080
173056
172032
171008
169984
168960
167936
166912
165888
164864
163840
162816
161792
160768
159744
158720
157696
156672
155648
154624
153600
152576
151552
150528
149504
148480
147456
146432
145408
144384
143360
142336
141312
140288
139264
138240
137216
136192
135168
134144
133120
132096
131072
130048
129024
128000
126976
125952
124928
123904
122880
121856
120832
119808
118784
117760
116736
115712
114688
113664
112640
111616
110592
109568
108544
107520
106496
105472
104448
103424
102400
101376
100352
99328
98304
97280
96256
95232
94208
93184
92160
91136
90112
89088
88064
87040
86016
84992
83968
82944
81920
80896
79872
78848
77824
76800
75776
74752
73728
72704
71680
70656
69632
68608
67584
66560
65536
65280
65024
64768
64512
64256
64000
63744
63488
63232
62976
62720
62464
62208
61952
61696
61440
61184
60928
60672
60416
60160
59904
59648
59392
59136
58880
58624
58368
58112
57856
57600
57344
57088
56832
56576
56320
56064
55808
55552
55296
55040
54784
54528
54272
54016
53760
53504
53248
52992
52736
52480
52224
51968
51712
51456
51200
50944
50688
50432
50176
49920
49664
49408
49152
48896
48640
48384
48128
47872
47616
47360
47104
46848
46592
46336
46080
45824
45568
45312
45056
44800
44544
44288
44032
43776
43520
43264
43008
42752
42496
42240
41984
41728
41472
41216
40960
40704
40448
40192
39936
39680
39424
39168
38912
38656
38400
38144
37888
37632
37376
37120
36864
36608
36352
36096
35840
35584
35328
35072
34816
34560
34304
34048
33792
33536
33280
33024
32768
32512
32256
32000
31744
31488
31232
30976
30720
30464
30208
29952
29696
29440
29184
28928
28672
28416
28160
27904
27648
27392
27136
26880
26624
26368
26112
25856
25600
25344
25088
24832
24576
24320
24064
23808
23552
23296
23040
22784
22528
22272
22016
21760
21504
21248
20992
20736
20480
20224
19968
19712
19456
19200
18944
18688
18432
18176
17920
17664
17408
17152
16896
16640
16384
16320
16256
16192
16128
16064
16000
15936
15872
15808
15744
15680
15616
15552
15488
15424
15360
15296
15232
15168
15104
15040
14976
14912
14848
14784
14720
14656
14592
14528
14464
14400
14336
14272
14208
14144
14080
14016
13952
13888
13824
13760
13696
13632
13568
13504
13440
13376
13312
13248
13184
13120
13056
12992
12928
12864
12800
12736
12672
12608
12544
12480
12416
12352
12288
12224
12160
12096
12032
11968
11904
11840
11776
11712
11648
11584
11520
11456
11392
11328
11264
11200
11136
11072
11008
10944
10880
10816
10752
10688
10624
10560
10496
10432
10368
10304
10240
10176
10112
10048
9984
9920
9856
9792
9728
9664
9600
9536
9472
9408
9344
9280
9216
9152
9088
9024
8960
8896
8832
8768
8704
8640
8576
8512
8448
8384
8320
8256
8192
8128
8064
8000
7936
7872
7808
7744
7680
7616
7552
7488
7424
7360
7296
7232
7168
7104
7040
6976
6912
6848
6784
6720
6656
6592
6528
6464
6400
6336
6272
6208
6144
6080
6016
5952
5888
5824
5760
5696
5632
5568
5504
5440
5376
5312
5248
5184
5120
5056
4992
4928
4864
4800
4736
4672
4608
4544
4480
4416
4352
4288
4224
4160
4096
4080
4064
4048
4032
4016
4000
3984
3968
3952
3936
3920
3904
3888
3872
3856
3840
3824
3808
3792
3776
3760
3744
3728
3712
3696
3680
3664
3648
3632
3616
3600
3584
3568
3552
3536
3520
3504
3488
3472
3456
3440
3424
3408
3392
3376
3360
3344
3328
3312
3296
3280
3264
3248
3232
3216
3200
3184
3168
3152
3136
3120
3104
3088
3072
3056
3040
3024
3008
2992
2976
2960
2944
2928
2912
2896
2880
2864
2848
2832
2816
2800
2784
2768
2752
2736
2720
2704
2688
2672
2656
2640
2624
2608
2592
2576
2560
2544
2528
2512
2496
2480
2464
2448
2432
2416
2400
2384
2368
2352
2336
2320
2304
2288
2272
2256
2240
2224
2208
2192
2176
2160
2144
2128
2112
2096
2080
2064
2048
2032
2016
2000
1984
1968
1952
1936
1920
1904
1888
1872
1856
1840
1824
1808
1792
1776
1760
1744
1728
1712
1696
1680
1664
1648
1632
1616
1600
1584
1568
1552
1536
1520
1504
1488
1472
1456
1440
1424
1408
1392
1376
1360
1344
1328
1312
1296
1280
1264
1248
1232
1216
1200
1184
1168
1152
1136
1120
1104
1088
1072
1056
1040
1024
1020
1016
1012
1008
1004
1000
996
992
988
984
980
976
972
968
964
960
956
952
948
944
940
936
932
928
924
920
916
912
908
904
900
896
892
888
884
880
876
872
868
864
860
856
852
848
844
840
836
832
828
824
820
816
812
808
804
800
796
792
788
784
780
776
772
768
764
760
756
752
748
744
740
736
732
728
724
720
716
712
708
704
700
696
692
688
684
680
676
672
668
664
660
656
652
648
644
640
636
632
628
624
620
616
612
608
604
600
596
592
588
584
580
576
572
568
564
560
556
552
548
544
540
536
532
528
524
520
516
512
508
504
500
496
492
488
484
480
476
472
468
464
460
456
452
448
444
440
436
432
428
424
420
416
412
408
404
400
396
392
388
384
380
376
372
368
364
360
356
352
348
344
340
336
332
328
324
320
316
312
308
304
300
296
292
288
284
280
276
272
268
264
260
256
255
254
253
252
251
250
249
248
247
246
245
244
243
242
241
240
239
238
237
236
235
234
233
232
231
230
229
228
227
226
225
224
223
222
221
220
219
218
217
216
215
214
213
212
211
210
209
208
207
206
205
204
203
202
201
200
199
198
197
196
195
194
193
192
191
190
189
188
187
186
185
184
183
182
181
180
179
178
177
176
175
174
173
172
171
170
169
168
167
166
165
164
163
162
161
160
159
158
157
156
155
154
153
152
151
150
149
148
147
146
145
144
143
142
141
140
139
138
137
136
135
134
133
132
131
130
129
128
127
126
125
124
123
122
121
120
119
118
117
116
115
114
113
112
111
110
109
108
107
106
105
104
103
102
101
100
99
98
97
96
95
94
93
92
91
90
89
88
87
86
85
84
83
82
81
80
79
78
77
76
75
74
73
72
71
70
69
68
67
66
65
64
63
62
61
60
59
58
57
56
55
54
53
52
51
50
49
48
47
46
45
44
43
42
41
40
39
38
37
36
35
34
33
32
31
30
29
28
27
26
25
24
23
22
21
20
19
18
17
16
15
14
13
12
11
10
9
8
7
6
5
4
3
2
1
0
-16777216
-33554432
-50331648
-67108861
-67108862
-67108863
-67108864
-83886080
-100663296
-117440512
-134217725
-134217726
-134217727
-134217728
-150994944
-167772160
-184549376
-201326589
-201326590
-201326591
-201326592
-218103808
-234881024
-251658240
-268435441
-268435442
-268435443
-268435444
-268435445
-268435446
-268435447
-268435448
-268435449
-268435450
-268435451
-268435452
-268435453
-268435454
-268435455
-268435456
-285212672
-301989888
-318767104
-335544317
-335544318
-335544319
-335544320
-352321536
-369098752
-385875968
-402653181
-402653182
-402653183
-402653184
-419430400
-436207616
-452984832
-469762045
-469762046
-469762047
-469762048
-486539264
-503316480
-520093696
-536870897
-536870898
-536870899
-536870900
-536870901
-536870902
-536870903
-536870904
-536870905
-536870906
-536870907
-536870908
-536870909
-536870910
-536870911
-536870912
-553648128
-570425344
-587202560
-603979773
-603979774
-603979775
-603979776
-620756992
-637534208
-654311424
-671088637
-671088638
-671088639
-671088640
-687865856
-704643072
-721420288
-738197501
-738197502
-738197503
-738197504
-754974720
-771751936
-788529152
-805306353
-805306354
-805306355
-805306356
-805306357
-805306358
-805306359
-805306360
-805306361
-805306362
-805306363
-805306364
-805306365
-805306366
-805306367
-805306368
-822083584
-838860800
-855638016
-872415229
-872415230
-872415231
-872415232
-889192448
-905969664
-922746880
-939524093
-939524094
-939524095
-939524096
-956301312
-973078528
-989855744
-1006632957
-1006632958
-1006632959
-1006632960
-1023410176
-1040187392
-1056964608
-1073741761
-1073741762
-1073741763
-1073741764
-1073741765
-1073741766
-1073741767
-1073741768
-1073741769
-1073741770
-1073741771
-1073741772
-1073741773
-1073741774
-1073741775
-1073741776
-1073741777
-1073741778
-1073741779
-1073741780
-1073741781
-1073741782
-1073741783
-1073741784
-1073741785
-1073741786
-1073741787
-1073741788
-1073741789
-1073741790
-1073741791
-1073741792
-1073741793
-1073741794
-1073741795
-1073741796
-1073741797
-1073741798
-1073741799
-1073741800
-1073741801
-1073741802
-1073741803
-1073741804
-1073741805
-1073741806
-1073741807
-1073741808
-1073741809
-1073741810
-1073741811
-1073741812
-1073741813
-1073741814
-1073741815
-1073741816
-1073741817
-1073741818
-1073741819
-1073741820
-1073741821
-1073741822
-1073741823
-1073741824
-1090519040
-1107296256
-1124073472
-1140850685
-1140850686
-1140850687
-1140850688
-1157627904
-1174405120
-1191182336
-1207959549
-1207959550
-1207959551
-1207959552
-1224736768
-1241513984
-1258291200
-1275068413
-1275068414
-1275068415
-1275068416
-1291845632
-1308622848
-1325400064
-1342177265
-1342177266
-1342177267
-1342177268
-1342177269
-1342177270
-1342177271
-1342177272
-1342177273
-1342177274
-1342177275
-1342177276
-1342177277
-1342177278
-1342177279
-1342177280
-1358954496
-1375731712
-1392508928
-1409286141
-1409286142
-1409286143
-1409286144
-1426063360
-1442840576
-1459617792
-1476395005
-1476395006
-1476395007
-1476395008
-1493172224
-1509949440
-1526726656
-1543503869
-1543503870
-1543503871
-1543503872
-1560281088
-1577058304
-1593835520
-1610612721
-1610612722
-1610612723
-1610612724
-1610612725
-1610612726
-1610612727
-1610612728
-1610612729
-1610612730
-1610612731
-1610612732
-1610612733
-1610612734
-1610612735
-1610612736
-1627389952
-1644167168
-1660944384
-1677721597
-1677721598
-1677721599
-1677721600
-1694498816
-1711276032
-1728053248
-1744830461
-1744830462
-1744830463
-1744830464
-1761607680
-1778384896
-1795162112
-1811939325
-1811939326
-1811939327
-1811939328
-1828716544
-1845493760
-1862270976
-1879048177
-1879048178
-1879048179
-1879048180
-1879048181
-1879048182
-1879048183
-1879048184
-1879048185
-1879048186
-1879048187
-1879048188
-1879048189
-1879048190
-1879048191
-1879048192
-1895825408
-1912602624
-1929379840
-1946157053
-1946157054
-1946157055
-1946157056
-1962934272
-1979711488
-1996488704
-2013265917
-2013265918
-2013265919
-2013265920
-2030043136
-2046820352
-2063597568
-2080374781
-2080374782
-2080374783
-2080374784
-2097152000
-2113929216
-2130706432
-2147483585
-2147483586
-2147483587
-2147483588
-2147483589
-2147483590
-2147483591
-2147483592
-2147483593
-2147483594
-2147483595
-2147483596
-2147483597
-2147483598
-2147483599
-2147483600
-2147483601
-2147483602
-2147483603
-2147483604
-2147483605
-2147483606
-2147483607
-2147483608
-2147483609
-2147483610
-2147483611
-2147483612
-2147483613
-2147483614
-2147483615
-2147483616
-2147483617
-2147483618
-2147483619
-2147483620
-2147483621
-2147483622
-2147483623
-2147483624
-2147483625
-2147483626
-2147483627
-2147483628
-2147483629
-2147483630
-2147483631
-2147483632
-2147483633
-2147483634
-2147483635
-2147483636
-2147483637
-2147483638
-2147483639
-2147483640
-2147483641
-2147483642
-2147483643
-2147483644
-2147483645
-2147483646
-2147483647
-2147483648
